[[[ 4.61580522e+00 -4.49278841e+00  4.76785787e+00 -4.43997194e+00]
  [-1.13131437e+01  5.44139396e+00 -6.27979091e+00  5.83578241e+00]
  [ 5.91467204e+00 -2.31302269e+01 -1.29439219e+00  1.10700484e+00]
  [ 2.83547938e+01 -2.94515288e+01 -1.18521471e-01 -5.41748534e-01]
  [ 1.15086694e+01 -1.05591406e+01 -5.28445067e+00  3.96306591e+00]]

 [[-6.44093606e+00  5.69394088e+00 -5.44196415e+00  5.40520661e+00]
  [ 1.22228064e+01 -3.11207450e-01  1.89376077e-02 -9.88017631e-02]
  [-1.04966365e+01  2.13072856e+01  3.99890933e+00 -4.60896455e+00]
  [-2.71128495e+01  2.75520438e+01  3.38631548e+00 -1.83308795e+00]
  [-1.72119470e+01  1.65739141e+01 -1.76460588e+00  3.06894253e+00]]]
Average Abs Error of Mu: 8.574101315530134
Percentage Error of Mu: 0.6653503723847229
Estimated beta: 11.327839220616717
Est. Mu for pair (1,2): [[18.03187605 36.66159442 35.68800195 24.53758831 23.65878283]
 [53.02433582 30.53671524 24.50523189 50.84350961 46.23272225]]
